{
    "/camera/shelf0/pose": {
        "__numpy.matrix__": {
            "dtype": "float64", 
            "list": [
                [
                    0.007227862126107291, 
                    -0.16293491606534785, 
                    0.9866204966962183, 
                    -1.497212838965695
                ], 
                [
                    -0.9998354663774117, 
                    -0.017917319698367733, 
                    0.004367970098636344, 
                    0.16630087252555578
                ], 
                [
                    0.016957556155808635, 
                    -0.9864791842714611, 
                    -0.16303833186259872, 
                    0.3416341844939936
                ], 
                [
                    0.0, 
                    0.0, 
                    0.0, 
                    1.0
                ]
            ]
        }
    }, 
    "/system/spot/B/pose": {
        "__numpy.matrix__": {
            "dtype": "float64", 
            "list": [
                [
                    -0.029074074201426603, 
                    0.9963390738674412, 
                    0.08039370680780633, 
                    0.009208357492414943
                ], 
                [
                    -0.999529044673535, 
                    -0.028188540925478105, 
                    -0.012128273352104812, 
                    0.7011229205258076
                ], 
                [
                    -0.009817691344744755, 
                    -0.08070846328274521, 
                    0.9966893984041354, 
                    0.01677701747287552
                ], 
                [
                    0.0, 
                    0.0, 
                    0.0, 
                    1.0
                ]
            ]
        }
    }, 
    "/camera/inspect_below/pose": {
        "__numpy.matrix__": {
            "dtype": "float64", 
            "list": [
                [
                    -0.10101648040316921, 
                    0.9371193903584368, 
                    0.3340813233818592, 
                    -0.7142841269456552
                ], 
                [
                    -0.9948859320537868, 
                    -0.0955722392508217, 
                    -0.03274048009478909, 
                    0.70287245607302
                ], 
                [
                    0.001249085983762049, 
                    -0.33567803408612445, 
                    0.9419791292321166, 
                    0.13548066170012307
                ], 
                [
                    0.0, 
                    0.0, 
                    0.0, 
                    1.0
                ]
            ]
        }
    }, 
    "/robot/current_config": [
        0, 
        0, 
        -0.5, 
        1, 
        0, 
        1, 
        0
    ], 
    "/camera/tcp/color": {
        "depthExtrinsics": {
            "__numpy.ndarray__": {
                "dtype": "float64", 
                "list": [
                    [
                        0.9999971389770508, 
                        0.00231016892939806, 
                        -0.0006206104881130159, 
                        -0.025699662044644356
                    ], 
                    [
                        -0.0023086818400770426, 
                        0.9999945163726807, 
                        0.002386316657066345, 
                        -0.0013159856898710132
                    ], 
                    [
                        0.0006261198432184756, 
                        -0.0023848770651966333, 
                        0.9999969601631165, 
                        -0.004228661768138409
                    ], 
                    [
                        0.0, 
                        0.0, 
                        0.0, 
                        1.0
                    ]
                ]
            }
        }, 
        "coeff": {
            "__numpy.ndarray__": {
                "dtype": "float64", 
                "list": [
                    0.0, 
                    0.0, 
                    0.0, 
                    0.0, 
                    0.0
                ]
            }
        }, 
        "intrinsics": {
            "fx": 616.0961303710938, 
            "fy": 616.09619140625, 
            "ppy": 234.36143493652344, 
            "ppx": 309.5028381347656
        }, 
        "matrix": {
            "__numpy.ndarray__": {
                "dtype": "float64", 
                "list": [
                    [
                        616.0961303710938, 
                        0.0, 
                        309.5028381347656
                    ], 
                    [
                        0.0, 
                        616.09619140625, 
                        234.36143493652344
                    ], 
                    [
                        0.0, 
                        0.0, 
                        1.0
                    ]
                ]
            }
        }
    }, 
    "/camera/inspect_below/depth": {
        "colorExtrinsics": {
            "__numpy.ndarray__": {
                "dtype": "float64", 
                "list": [
                    [
                        0.9999926686286926, 
                        -0.0033968680072575808, 
                        0.0017674772534519434, 
                        0.025699999183416367
                    ], 
                    [
                        0.0034003613982349634, 
                        0.9999922513961792, 
                        -0.0019772101659327745, 
                        0.0012667368864640594
                    ], 
                    [
                        -0.0017607472836971283, 
                        0.0019832055550068617, 
                        0.9999964833259583, 
                        0.0036044768057763577
                    ], 
                    [
                        0.0, 
                        0.0, 
                        0.0, 
                        1.0
                    ]
                ]
            }
        }, 
        "coeff": {
            "__numpy.ndarray__": {
                "dtype": "float64", 
                "list": [
                    0.11501075327396393, 
                    0.15567785501480103, 
                    0.004006087779998779, 
                    0.002194388536736369, 
                    -0.02408386953175068
                ]
            }
        }, 
        "scale": 0.00012498664727900177, 
        "matrix": {
            "__numpy.ndarray__": {
                "dtype": "float64", 
                "list": [
                    [
                        473.21160888671875, 
                        0.0, 
                        309.8419494628906
                    ], 
                    [
                        0.0, 
                        473.21160888671875, 
                        245.15704345703125
                    ], 
                    [
                        0.0, 
                        0.0, 
                        1.0
                    ]
                ]
            }
        }, 
        "intrinsics": {
            "fx": 473.21160888671875, 
            "fy": 473.21160888671875, 
            "ppy": 245.15704345703125, 
            "ppx": 309.8419494628906
        }
    }, 
    "/camera/inspect_side/color": {
        "depthExtrinsics": {
            "__numpy.ndarray__": {
                "dtype": "float64", 
                "list": [
                    [
                        0.9999916553497314, 
                        0.004009195137768984, 
                        -0.000784592644777149, 
                        -0.025705993175506592
                    ], 
                    [
                        -0.00400481978431344, 
                        0.9999768733978271, 
                        0.005500853061676025, 
                        0.000652502232696861
                    ], 
                    [
                        0.0008066284935921431, 
                        -0.005497664678841829, 
                        0.9999845623970032, 
                        -0.004030964337289333
                    ], 
                    [
                        0.0, 
                        0.0, 
                        0.0, 
                        1.0
                    ]
                ]
            }
        }, 
        "coeff": {
            "__numpy.ndarray__": {
                "dtype": "float64", 
                "list": [
                    0.0, 
                    0.0, 
                    0.0, 
                    0.0, 
                    0.0
                ]
            }
        }, 
        "intrinsics": {
            "fx": 617.5755615234375, 
            "fy": 617.5756225585938, 
            "ppy": 238.30445861816406, 
            "ppx": 311.1263427734375
        }, 
        "matrix": {
            "__numpy.ndarray__": {
                "dtype": "float64", 
                "list": [
                    [
                        617.5755615234375, 
                        0.0, 
                        311.1263427734375
                    ], 
                    [
                        0.0, 
                        617.5756225585938, 
                        238.30445861816406
                    ], 
                    [
                        0.0, 
                        0.0, 
                        1.0
                    ]
                ]
            }
        }
    }, 
    "/robot/inspect_bounds": [
        [
            -0.2, 
            -0.2, 
            0.38
        ], 
        [
            0.2, 
            0.2, 
            0.73
        ]
    ], 
    "/robot/base_pose": {
        "__numpy.ndarray__": {
            "dtype": "float64", 
            "list": [
                [
                    1.0, 
                    0.0, 
                    0.0, 
                    0.0
                ], 
                [
                    0.0, 
                    1.0, 
                    0.0, 
                    0.0
                ], 
                [
                    0.0, 
                    0.0, 
                    1.0, 
                    0.29
                ], 
                [
                    0.0, 
                    0.0, 
                    0.0, 
                    1.0
                ]
            ]
        }
    }, 
    "/camera/shelf1/pose": {
        "__numpy.matrix__": {
            "dtype": "float64", 
            "list": [
                [
                    -0.020925009714971445, 
                    -0.05066988494678647, 
                    0.9984992294608347, 
                    -1.4979185610984445
                ], 
                [
                    -0.9995909030571325, 
                    0.020587368332267708, 
                    -0.01990263991896453, 
                    -0.18898341924779713
                ], 
                [
                    -0.019546117072771162, 
                    -0.998505582731872, 
                    -0.05107947212725317, 
                    0.34454199187726786
                ], 
                [
                    0.0, 
                    0.0, 
                    0.0, 
                    1.0
                ]
            ]
        }
    }, 
    "/camera/tcp/depth": {
        "colorExtrinsics": {
            "__numpy.ndarray__": {
                "dtype": "float64", 
                "list": [
                    [
                        0.9999971389770508, 
                        -0.0023086818400770426, 
                        0.0006261198432184756, 
                        0.025700004771351814
                    ], 
                    [
                        0.00231016892939806, 
                        0.9999945163726807, 
                        -0.0023848770651966333, 
                        0.0012667370028793812
                    ], 
                    [
                        -0.0006206104881130159, 
                        0.002386316657066345, 
                        0.9999969601631165, 
                        0.004241601098328829
                    ], 
                    [
                        0.0, 
                        0.0, 
                        0.0, 
                        1.0
                    ]
                ]
            }
        }, 
        "coeff": {
            "__numpy.ndarray__": {
                "dtype": "float64", 
                "list": [
                    0.14428648352622986, 
                    0.022509299218654633, 
                    0.0050826361402869225, 
                    0.0029110093601047993, 
                    0.14566537737846375
                ]
            }
        }, 
        "scale": 0.00012498664727900177, 
        "matrix": {
            "__numpy.ndarray__": {
                "dtype": "float64", 
                "list": [
                    [
                        473.5945129394531, 
                        0.0, 
                        314.96026611328125
                    ], 
                    [
                        0.0, 
                        473.5945129394531, 
                        245.69300842285156
                    ], 
                    [
                        0.0, 
                        0.0, 
                        1.0
                    ]
                ]
            }
        }, 
        "intrinsics": {
            "fx": 473.5945129394531, 
            "fy": 473.5945129394531, 
            "ppy": 245.69300842285156, 
            "ppx": 314.96026611328125
        }
    }, 
    "/camera/inspect_side/depth": {
        "colorExtrinsics": {
            "__numpy.ndarray__": {
                "dtype": "float64", 
                "list": [
                    [
                        0.9999916553497314, 
                        -0.00400481978431344, 
                        0.0008066284935921431, 
                        0.025700001046061516
                    ], 
                    [
                        0.004009195137768984, 
                        0.9999768733978271, 
                        -0.005497664678841829, 
                        -0.0007332612876780331
                    ], 
                    [
                        -0.000784592644777149, 
                        0.005500853061676025, 
                        0.9999845623970032, 
                        0.004055224359035492
                    ], 
                    [
                        0.0, 
                        0.0, 
                        0.0, 
                        1.0
                    ]
                ]
            }
        }, 
        "coeff": {
            "__numpy.ndarray__": {
                "dtype": "float64", 
                "list": [
                    0.10955307632684708, 
                    0.1833394467830658, 
                    0.005065280944108963, 
                    0.005705620162189007, 
                    -0.0680532231926918
                ]
            }
        }, 
        "scale": 0.00012498664727900177, 
        "matrix": {
            "__numpy.ndarray__": {
                "dtype": "float64", 
                "list": [
                    [
                        474.31524658203125, 
                        0.0, 
                        317.4243469238281
                    ], 
                    [
                        0.0, 
                        474.31524658203125, 
                        244.9296875
                    ], 
                    [
                        0.0, 
                        0.0, 
                        1.0
                    ]
                ]
            }
        }, 
        "intrinsics": {
            "fx": 474.31524658203125, 
            "fy": 474.31524658203125, 
            "ppy": 244.9296875, 
            "ppx": 317.4243469238281
        }
    }, 
    "/camera/inspect_below/color": {
        "depthExtrinsics": {
            "__numpy.ndarray__": {
                "dtype": "float64", 
                "list": [
                    [
                        0.9999926686286926, 
                        0.0034003613982349634, 
                        -0.0017607472836971283, 
                        -0.02570187859237194
                    ], 
                    [
                        -0.0033968680072575808, 
                        0.9999922513961792, 
                        0.0019832055550068617, 
                        -0.001346989651210606
                    ], 
                    [
                        0.0017674772534519434, 
                        -0.0019772101659327745, 
                        0.9999964833259583, 
                        -0.003561725141480565
                    ], 
                    [
                        0.0, 
                        0.0, 
                        0.0, 
                        1.0
                    ]
                ]
            }
        }, 
        "coeff": {
            "__numpy.ndarray__": {
                "dtype": "float64", 
                "list": [
                    0.0, 
                    0.0, 
                    0.0, 
                    0.0, 
                    0.0
                ]
            }
        }, 
        "intrinsics": {
            "fx": 622.8868408203125, 
            "fy": 622.8869018554688, 
            "ppy": 242.447265625, 
            "ppx": 308.9672546386719
        }, 
        "matrix": {
            "__numpy.ndarray__": {
                "dtype": "float64", 
                "list": [
                    [
                        622.8868408203125, 
                        0.0, 
                        308.9672546386719
                    ], 
                    [
                        0.0, 
                        622.8869018554688, 
                        242.447265625
                    ], 
                    [
                        0.0, 
                        0.0, 
                        1.0
                    ]
                ]
            }
        }
    }, 
    "/robot/target_xform": {
        "__numpy.matrix__": {
            "dtype": "float64", 
            "list": [
                [
                    1.2246467991473532e-16, 
                    -6.123233995736767e-17, 
                    1.0, 
                    0.0
                ], 
                [
                    1.0, 
                    -6.123233995736765e-17, 
                    -1.2246467991473532e-16, 
                    -0.0465
                ], 
                [
                    6.123233995736766e-17, 
                    1.0, 
                    6.123233995736766e-17, 
                    0.023
                ], 
                [
                    0.0, 
                    0.0, 
                    0.0, 
                    1.0
                ]
            ]
        }
    }, 
    "/camera/shelf1/depth": {
        "colorExtrinsics": {
            "__numpy.ndarray__": {
                "dtype": "float64", 
                "list": [
                    [
                        0.9999963641166687, 
                        -0.0026290309615433216, 
                        -0.0005999578861519694, 
                        0.024700002744793892
                    ], 
                    [
                        0.0026255727279931307, 
                        0.9999803304672241, 
                        -0.005694061517715454, 
                        -0.0007332634413614869
                    ], 
                    [
                        0.0006149159744381905, 
                        0.0056924656964838505, 
                        0.9999836087226868, 
                        0.004026712849736214
                    ], 
                    [
                        0.0, 
                        0.0, 
                        0.0, 
                        1.0
                    ]
                ]
            }
        }, 
        "coeff": {
            "__numpy.ndarray__": {
                "dtype": "float64", 
                "list": [
                    0.14144456386566162, 
                    0.027008211240172386, 
                    0.003402712754905224, 
                    0.003993109334260225, 
                    0.17220009863376617
                ]
            }
        }, 
        "scale": 0.00012498664727900177, 
        "matrix": {
            "__numpy.ndarray__": {
                "dtype": "float64", 
                "list": [
                    [
                        474.11981201171875, 
                        0.0, 
                        316.8258972167969
                    ], 
                    [
                        0.0, 
                        474.11981201171875, 
                        245.1663818359375
                    ], 
                    [
                        0.0, 
                        0.0, 
                        1.0
                    ]
                ]
            }
        }, 
        "intrinsics": {
            "fx": 474.11981201171875, 
            "fy": 474.11981201171875, 
            "ppy": 245.1663818359375, 
            "ppx": 316.8258972167969
        }
    }, 
    "/system/totes/amnesty/pose": {
        "__numpy.matrix__": {
            "dtype": "float64", 
            "list": [
                [
                    6.123233995736766e-17, 
                    1.0, 
                    0.0, 
                    -0.5
                ], 
                [
                    -1.0, 
                    6.123233995736766e-17, 
                    0.0, 
                    0.85
                ], 
                [
                    0.0, 
                    0.0, 
                    1.0, 
                    0.0
                ], 
                [
                    0.0, 
                    0.0, 
                    0.0, 
                    1.0
                ]
            ]
        }
    }, 
    "/camera/shelf1/color": {
        "depthExtrinsics": {
            "__numpy.ndarray__": {
                "dtype": "float64", 
                "list": [
                    [
                        0.9999963641166687, 
                        0.0026255727279931307, 
                        0.0006149159744381905, 
                        -0.02469942532479763
                    ], 
                    [
                        -0.0026290309615433216, 
                        0.9999803304672241, 
                        0.0056924656964838505, 
                        0.0006913257529959083
                    ], 
                    [
                        -0.0005999578861519694, 
                        -0.005694061517715454, 
                        0.9999836087226868, 
                        -0.004037661477923393
                    ], 
                    [
                        0.0, 
                        0.0, 
                        0.0, 
                        1.0
                    ]
                ]
            }
        }, 
        "coeff": {
            "__numpy.ndarray__": {
                "dtype": "float64", 
                "list": [
                    0.0, 
                    0.0, 
                    0.0, 
                    0.0, 
                    0.0
                ]
            }
        }, 
        "intrinsics": {
            "fx": 617.5779418945312, 
            "fy": 617.5780029296875, 
            "ppy": 236.54124450683594, 
            "ppx": 322.1722106933594
        }, 
        "matrix": {
            "__numpy.ndarray__": {
                "dtype": "float64", 
                "list": [
                    [
                        617.5779418945312, 
                        0.0, 
                        322.1722106933594
                    ], 
                    [
                        0.0, 
                        617.5780029296875, 
                        236.54124450683594
                    ], 
                    [
                        0.0, 
                        0.0, 
                        1.0
                    ]
                ]
            }
        }
    }, 
    "/camera/stow/color": {
        "depthExtrinsics": {
            "__numpy.ndarray__": {
                "dtype": "float64", 
                "list": [
                    [
                        0.9999997615814209, 
                        0.0003057719732169062, 
                        -0.0006191450520418584, 
                        -0.02570207789540291
                    ], 
                    [
                        -0.00030423278803937137, 
                        0.9999968409538269, 
                        0.0024845844600349665, 
                        -0.001264696242287755
                    ], 
                    [
                        0.0006199028575792909, 
                        -0.0024843954015523195, 
                        0.9999967217445374, 
                        -0.003970141522586346
                    ], 
                    [
                        0.0, 
                        0.0, 
                        0.0, 
                        1.0
                    ]
                ]
            }
        }, 
        "coeff": {
            "__numpy.ndarray__": {
                "dtype": "float64", 
                "list": [
                    0.0, 
                    0.0, 
                    0.0, 
                    0.0, 
                    0.0
                ]
            }
        }, 
        "intrinsics": {
            "fx": 614.7653198242188, 
            "fy": 614.765380859375, 
            "ppy": 241.6092987060547, 
            "ppx": 308.51904296875
        }, 
        "matrix": {
            "__numpy.ndarray__": {
                "dtype": "float64", 
                "list": [
                    [
                        614.7653198242188, 
                        0.0, 
                        308.51904296875
                    ], 
                    [
                        0.0, 
                        614.765380859375, 
                        241.6092987060547
                    ], 
                    [
                        0.0, 
                        0.0, 
                        1.0
                    ]
                ]
            }
        }
    }, 
    "/system/spot/C/pose": {
        "__numpy.matrix__": {
            "dtype": "float64", 
            "list": [
                [
                    -0.030327703132732448, 
                    0.9960635796598547, 
                    0.08329211065814732, 
                    -0.33947002338275667
                ], 
                [
                    -0.9995121543974308, 
                    -0.029599270102084553, 
                    -0.009966765836070202, 
                    0.7116156539359091
                ], 
                [
                    -0.007462146775564565, 
                    -0.0835537460837038, 
                    0.9964753322992397, 
                    0.04648250378196164
                ], 
                [
                    0.0, 
                    0.0, 
                    0.0, 
                    1.0
                ]
            ]
        }
    }, 
    "/camera/shelf0/depth": {
        "colorExtrinsics": {
            "__numpy.ndarray__": {
                "dtype": "float64", 
                "list": [
                    [
                        0.9999926686286926, 
                        -0.0033968680072575808, 
                        0.0017674772534519434, 
                        0.025699999183416367
                    ], 
                    [
                        0.0034003613982349634, 
                        0.9999922513961792, 
                        -0.0019772101659327745, 
                        0.0012667368864640594
                    ], 
                    [
                        -0.0017607472836971283, 
                        0.0019832055550068617, 
                        0.9999964833259583, 
                        0.0036044768057763577
                    ], 
                    [
                        0.0, 
                        0.0, 
                        0.0, 
                        1.0
                    ]
                ]
            }
        }, 
        "coeff": {
            "__numpy.ndarray__": {
                "dtype": "float64", 
                "list": [
                    0.11501075327396393, 
                    0.15567785501480103, 
                    0.004006087779998779, 
                    0.002194388536736369, 
                    -0.02408386953175068
                ]
            }
        }, 
        "scale": 0.00012498664727900177, 
        "matrix": {
            "__numpy.ndarray__": {
                "dtype": "float64", 
                "list": [
                    [
                        473.21160888671875, 
                        0.0, 
                        309.8419494628906
                    ], 
                    [
                        0.0, 
                        473.21160888671875, 
                        245.15704345703125
                    ], 
                    [
                        0.0, 
                        0.0, 
                        1.0
                    ]
                ]
            }
        }, 
        "intrinsics": {
            "fx": 473.21160888671875, 
            "fy": 473.21160888671875, 
            "ppy": 245.15704345703125, 
            "ppx": 309.8419494628906
        }
    }, 
    "/robot/camera_xform": {
        "__numpy.matrix__": {
            "dtype": "float64", 
            "list": [
                [
                    0.0007615310207746202, 
                    -0.9563044527492409, 
                    -0.29237170472273677, 
                    -0.045
                ], 
                [
                    0.9999996829318346, 
                    0.0007963267107332633, 
                    0.0, 
                    0.022
                ], 
                [
                    0.00023282339793333388, 
                    -0.2923716120209767, 
                    0.9563047559630354, 
                    0.079
                ], 
                [
                    0.0, 
                    0.0, 
                    0.0, 
                    1.0
                ]
            ]
        }
    }, 
    "/camera/stow/pose": {
        "__numpy.matrix__": {
            "dtype": "float64", 
            "list": [
                [
                    0.9998579626558325, 
                    -0.01362612325382514, 
                    -0.009992160502371413, 
                    0.013458597975651427
                ], 
                [
                    -0.0163016439094099, 
                    -0.9334292185665789, 
                    -0.35839306359855905, 
                    0.827849025699252
                ], 
                [
                    -0.004443830190190638, 
                    0.3585046702870601, 
                    -0.9335187466793559, 
                    0.7742539961289063
                ], 
                [
                    0.0, 
                    0.0, 
                    0.0, 
                    1.0
                ]
            ]
        }
    }, 
    "/shelf/pose": {
        "__numpy.matrix__": {
            "dtype": "float64", 
            "list": [
                [
                    6.123233995736766e-17, 
                    -1.0, 
                    0.0, 
                    -0.55
                ], 
                [
                    1.0, 
                    6.123233995736766e-17, 
                    0.0, 
                    -0.525
                ], 
                [
                    0.0, 
                    0.0, 
                    1.0, 
                    0.125
                ], 
                [
                    0.0, 
                    0.0, 
                    0.0, 
                    1.0
                ]
            ]
        }
    }, 
    "/camera/inspect_side/pose": {
        "__numpy.matrix__": {
            "dtype": "float64", 
            "list": [
                [
                    -0.2797214483588133, 
                    0.12021320683864241, 
                    0.9525345663836488, 
                    -1.0299902738186166
                ], 
                [
                    -0.9598066917236522, 
                    -0.011022791816750872, 
                    -0.28046774625457904, 
                    0.8161051486650164
                ], 
                [
                    -0.02321101373053887, 
                    -0.9926901834545633, 
                    0.1184634791418175, 
                    0.6365733385349913
                ], 
                [
                    0.0, 
                    0.0, 
                    0.0, 
                    1.0
                ]
            ]
        }
    }, 
    "/camera/shelf0/color": {
        "depthExtrinsics": {
            "__numpy.ndarray__": {
                "dtype": "float64", 
                "list": [
                    [
                        0.9999926686286926, 
                        0.0034003613982349634, 
                        -0.0017607472836971283, 
                        -0.02570187859237194
                    ], 
                    [
                        -0.0033968680072575808, 
                        0.9999922513961792, 
                        0.0019832055550068617, 
                        -0.001346989651210606
                    ], 
                    [
                        0.0017674772534519434, 
                        -0.0019772101659327745, 
                        0.9999964833259583, 
                        -0.003561725141480565
                    ], 
                    [
                        0.0, 
                        0.0, 
                        0.0, 
                        1.0
                    ]
                ]
            }
        }, 
        "coeff": {
            "__numpy.ndarray__": {
                "dtype": "float64", 
                "list": [
                    0.0, 
                    0.0, 
                    0.0, 
                    0.0, 
                    0.0
                ]
            }
        }, 
        "intrinsics": {
            "fx": 622.8868408203125, 
            "fy": 622.8869018554688, 
            "ppy": 242.447265625, 
            "ppx": 308.9672546386719
        }, 
        "matrix": {
            "__numpy.ndarray__": {
                "dtype": "float64", 
                "list": [
                    [
                        622.8868408203125, 
                        0.0, 
                        308.9672546386719
                    ], 
                    [
                        0.0, 
                        622.8869018554688, 
                        242.447265625
                    ], 
                    [
                        0.0, 
                        0.0, 
                        1.0
                    ]
                ]
            }
        }
    }, 
    "/camera/stow/depth": {
        "colorExtrinsics": {
            "__numpy.ndarray__": {
                "dtype": "float64", 
                "list": [
                    [
                        0.9999997615814209, 
                        -0.00030423278803937137, 
                        0.0006199028575792909, 
                        0.025700001046061516
                    ], 
                    [
                        0.0003057719732169062, 
                        0.9999968409538269, 
                        -0.0024843954015523195, 
                        0.0012667370028793812
                    ], 
                    [
                        -0.0006191450520418584, 
                        0.0024845844600349665, 
                        0.9999967217445374, 
                        0.00398291926831007
                    ], 
                    [
                        0.0, 
                        0.0, 
                        0.0, 
                        1.0
                    ]
                ]
            }
        }, 
        "coeff": {
            "__numpy.ndarray__": {
                "dtype": "float64", 
                "list": [
                    0.13294757902622223, 
                    0.04171708598732948, 
                    0.005045569036155939, 
                    0.0023269595112651587, 
                    0.1440950632095337
                ]
            }
        }, 
        "scale": 0.00012498664727900177, 
        "matrix": {
            "__numpy.ndarray__": {
                "dtype": "float64", 
                "list": [
                    [
                        475.4885559082031, 
                        0.0, 
                        314.3834228515625
                    ], 
                    [
                        0.0, 
                        475.4885559082031, 
                        245.3939208984375
                    ], 
                    [
                        0.0, 
                        0.0, 
                        1.0
                    ]
                ]
            }
        }, 
        "intrinsics": {
            "fx": 475.4885559082031, 
            "fy": 475.4885559082031, 
            "ppy": 245.3939208984375, 
            "ppx": 314.3834228515625
        }
    }, 
    "/system/totes/stow/pose": {
        "__numpy.matrix__": {
            "dtype": "float64", 
            "list": [
                [
                    -1.0, 
                    0.0, 
                    0.0, 
                    0.0
                ], 
                [
                    0.0, 
                    -1.0, 
                    0.0, 
                    0.6
                ], 
                [
                    0.0, 
                    0.0, 
                    1.0, 
                    0.0
                ], 
                [
                    0.0, 
                    0.0, 
                    0.0, 
                    1.0
                ]
            ]
        }
    }, 
    "/camera/tcp/pose": null, 
    "/robot/inspect_pose": {
        "__numpy.matrix__": {
            "dtype": "float64", 
            "list": [
                [
                    1.0, 
                    0.0, 
                    0.0, 
                    -0.5
                ], 
                [
                    0.0, 
                    -1.0, 
                    -1.2246467991473532e-16, 
                    0.65
                ], 
                [
                    0.0, 
                    1.2246467991473532e-16, 
                    -1.0, 
                    1.2
                ], 
                [
                    0.0, 
                    0.0, 
                    0.0, 
                    1.0
                ]
            ]
        }
    }, 
    "/system/spot/A/pose": {
        "__numpy.matrix__": {
            "dtype": "float64", 
            "list": [
                [
                    -0.028677241902159263, 
                    0.9962459288348109, 
                    0.08168026124437505, 
                    0.358022572096394
                ], 
                [
                    -0.9995730381698772, 
                    -0.02812312663180117, 
                    -0.007926607867952129, 
                    0.6912866281838078
                ], 
                [
                    -0.005599746487623574, 
                    -0.08187270014184209, 
                    0.9966270635552491, 
                    -0.011690442208705791
                ], 
                [
                    0.0, 
                    0.0, 
                    0.0, 
                    1.0
                ]
            ]
        }
    }
}
