{
    "/robot/camera_xform": {
        "__numpy.matrix__": {
            "dtype": "float64",
            "list": [
                [
                    -6.123233995736766e-17,
                    -7.498798913309288e-33,
                    -1.0,
                    -0.55
                ],
                [
                    1.2246467991473532e-16,
                    -1.0,
                    0.0,
                    0.7
                ],
                [
                    -1.0,
                    -1.2246467991473532e-16,
                    6.123233995736766e-17,
                    0.8
                ],
                [
                    0.0,
                    0.0,
                    0.0,
                    1.0
                ]
            ]
        }
    },
    "/camera/stow/pose": {
        "__numpy.matrix__": {
            "dtype": "float64",
            "list": [
                [
                    -0.9995147661084642,
                    0.031102630440853114,
                    -0.0016907867227576173,
                    -0.09363688304947834
                ],
                [
                    0.027813954762982575,
                    0.8667606323274121,
                    -0.4979482198525901,
                    0.932101733125392
                ],
                [
                    -0.014021991712697864,
                    -0.49775363885348467,
                    -0.8672051150598741,
                    0.6516225366752535
                ],
                [
                    0.0,
                    0.0,
                    0.0,
                    1.0
                ]
            ]
        }
    },
    "/camera/shelf0/pose": {
        "__numpy.matrix__": {
            "dtype": "float64",
            "list": [
                [
                    0.054579285345036685,
                    -0.23160452658544006,
                    0.9712777389449824,
                    -1.4664092998795835
                ],
                [
                    -0.9984757056064572,
                    -0.004663442062612494,
                    0.054995614548005306,
                    0.15834663620632683
                ],
                [
                    -0.008207735689114079,
                    -0.9727988594279561,
                    -0.23150601765449685,
                    0.38706859986066355
                ],
                [
                    0.0,
                    0.0,
                    0.0,
                    1.0
                ]
            ]
        }
    },
    "/system/totes/amnesty/pose": {
        "__numpy.matrix__": {
            "dtype": "float64",
            "list": [
                [
                    -0.029501299249183235,
                    0.995143850906219,
                    0.09390627958848605,
                    0.30209009541885357
                ],
                [
                    -0.9988522842578076,
                    -0.03289634838891305,
                    0.03481299320132525,
                    0.6705437352472635
                ],
                [
                    0.03773310980518884,
                    -0.09277147334291952,
                    0.9949721936608146,
                    -0.007756102322595885
                ],
                [
                    0.0,
                    0.0,
                    0.0,
                    1.0
                ]
            ]
        }
    },
    "/shelf/pose": {
        "__numpy.matrix__": {
            "dtype": "float64",
            "list": [
                [
                    0.0019523070997857356,
                    0.018608177922582486,
                    -0.9998249467838803,
                    -0.5422883755212847
                ],
                [
                    -0.9999948470959649,
                    0.0025842798696791743,
                    -0.001904541696267012,
                    0.5467969087471478
                ],
                [
                    0.002548387432431529,
                    0.9998235130321534,
                    0.018613127344364794,
                    -0.0018509747629888856
                ],
                [
                    0.0,
                    0.0,
                    0.0,
                    1.0
                ]
            ]
        }
    },
    "/robot/base_pose": {
        "__numpy.ndarray__": {
            "dtype": "float64",
            "list": [
                [
                    1.0,
                    0.0,
                    0.0,
                    0.0
                ],
                [
                    0.0,
                    1.0,
                    0.0,
                    0.0
                ],
                [
                    0.0,
                    0.0,
                    1.0,
                    0.29
                ],
                [
                    0.0,
                    0.0,
                    0.0,
                    1.0
                ]
            ]
        }
    },
    "/system/totes/stow/pose": {
        "__numpy.matrix__": {
            "dtype": "float64",
            "list": [
                [
                    0.9953271070997309,
                    0.029319001768425224,
                    0.09200188045786788,
                    -0.12587078476844954
                ],
                [
                    -0.032739686948537294,
                    0.9988191690981751,
                    0.03589401538617831,
                    0.6846735304512057
                ],
                [
                    -0.090840865093814,
                    -0.038738399261385614,
                    0.9951116890337852,
                    0.03217449258134294
                ],
                [
                    0.0,
                    0.0,
                    0.0,
                    1.0
                ]
            ]
        }
    },
    "/camera/shelf1/pose": {
        "__numpy.matrix__": {
            "dtype": "float64",
            "list": [
                [
                    0.030926075235220646,
                    -0.21325503805932272,
                    0.9765069726940498,
                    -1.437228629102281
                ],
                [
                    -0.9995138465976766,
                    -0.002731684303339462,
                    0.031058144840667788,
                    -0.21353217932690677
                ],
                [
                    -0.003955796973931829,
                    -0.9769927580859243,
                    -0.21323584107480223,
                    0.38174532776775216
                ],
                [
                    0.0,
                    0.0,
                    0.0,
                    1.0
                ]
            ]
        }
    },
    "/robot/current_config": [
        0,
        0,
        -0.5,
        1,
        0,
        1,
        0
    ],
    "/planner/ee_local": [
        0.0,
        0.0,
        0.4
    ],
    "/planner/ee_link":
        6
    ,
    "/planner/control_rate":
        20
    ,
    "/planner/max_ee_v":
        0.15
    ,
    "/planner/max_milestone_change":
        0.35367795
    ,
    "/planner/slow_down":
        0.4
    ,
    "/planner/vac_approach_d": [
        0.0,
        0.0,
        0.03
    ],
    "/camera/tcp/pose": null,
    "/system/spot/B/pose": {
        "__numpy.matrix__": {
            "dtype": "float64",
            "list": [
                [
                    -0.029074074201426603,
                    0.9963390738674412,
                    0.08039370680780633,
                    0.009208357492414943
                ],
                [
                    -0.999529044673535,
                    -0.028188540925478105,
                    -0.012128273352104812,
                    0.7011229205258076
                ],
                [
                    -0.009817691344744755,
                    -0.08070846328274521,
                    0.9966893984041354,
                    0.01677701747287552
                ],
                [
                    0.0,
                    0.0,
                    0.0,
                    1.0
                ]
            ]
        }
    },
    "/system/spot/C/pose": {
        "__numpy.matrix__": {
            "dtype": "float64",
            "list": [
                [
                    -0.030327703132732448,
                    0.9960635796598547,
                    0.08329211065814732,
                    -0.33947002338275667
                ],
                [
                    -0.9995121543974308,
                    -0.029599270102084553,
                    -0.009966765836070202,
                    0.7116156539359091
                ],
                [
                    -0.007462146775564565,
                    -0.0835537460837038,
                    0.9964753322992397,
                    0.04648250378196164
                ],
                [
                    0.0,
                    0.0,
                    0.0,
                    1.0
                ]
            ]
        }
    },
    "/robot/inspect_pose": {
        "__numpy.matrix__": {
            "dtype": "float64",
            "list": [
                [
                    -6.123233995736766e-17,
                    -7.498798913309288e-33,
                    -1.0,
                    -0.55
                ],
                [
                    1.2246467991473532e-16,
                    -1.0,
                    0.0,
                    0.7
                ],
                [
                    -1.0,
                    -1.2246467991473532e-16,
                    6.123233995736766e-17,
                    0.8
                ],
                [
                    0.0,
                    0.0,
                    0.0,
                    1.0
                ]
            ]
        }
    },
    "/system/spot/A/pose": {
        "__numpy.matrix__": {
            "dtype": "float64",
            "list": [
                [
                    -0.028677241902159263,
                    0.9962459288348109,
                    0.08168026124437505,
                    0.358022572096394
                ],
                [
                    -0.9995730381698772,
                    -0.02812312663180117,
                    -0.007926607867952129,
                    0.6912866281838078
                ],
                [
                    -0.005599746487623574,
                    -0.08187270014184209,
                    0.9966270635552491,
                    -0.011690442208705791
                ],
                [
                    0.0,
                    0.0,
                    0.0,
                    1.0
                ]
            ]
        }
    },
    "/system/spot/A/viewpoints": [
        "stow"
    ],
    "/system/spot/B/viewpoints": [
        "stow",
        "box"
    ],
    "/system/spot/C/viewpoints": [
        "box"
    ]
}
